c PicoSAT SAT Solver Version 965
c Copyright (c) 2006 - 2014 Armin Biere JKU Linz
c gcc -g -O2 -fdebug-prefix-map=/build/picosat-jdRevn/picosat-965=. -fstack-protector-strong -Wformat -Werror=format-security
c
c using 2 as default phase
c
c parsing vars-300-2.cnf
c parsed header 'p cnf 300 1275'
c initialized 300 variables
c found 1275 non trivial clauses
c
c random number generator seed 0
c 
c  seconds     variables   original    learned     agility
c         level        used      conflicts    limit          MB
c 
c s   0.0   0.0   300   0.0  1275     0     0     0   0.0   0.1 
c 
c initial reduction limit 1000 clauses
c 
c +   0.0  25.0   300  89.0  1275   100   100  1100  13.3   0.1 
c R   0.0  25.0   300  89.3  1275   103   103  1100  13.6   0.1 
c +   0.0  22.9   300  96.3  1275   221   221  1210  20.3   0.1 
c +   0.0  22.6   300  98.3  1275   367   367  1331  25.8   0.2 
c N   0.0  22.4   300  98.3  1275   406   406  1331  26.5   0.2 
c +   0.0  22.1   300  99.0  1275   543   543  1464  26.3   0.2 
c +   0.0  21.5   300  99.0  1275   755   755  1610  28.5   0.2 
c +   0.0  21.1   300  99.3  1275  1011  1011  1771  28.2   0.3 
c N   0.0  21.1   300  99.7  1275  1213  1213  1771  29.6   0.3 
c +   0.0  21.1   300  99.7  1275  1320  1320  1948  30.8   0.3 
c +   0.0  20.8   300  99.7  1275  1693  1693  2142  30.2   0.4 
c +   0.0  20.5   300  99.7  1275  2144  2144  2356  29.8   0.5 
c +   0.0  20.2   300  99.7  1275  2689  1504  2591  28.6   0.4 
c N   0.1  19.9   300  99.7  1275  3219  2034  2591  29.1   0.5 
c +   0.1  19.7   300  99.7  1275  3348  2163  2850  29.8   0.5 
c +   0.1  19.2   300  99.7  1275  4145  1529  3135  30.4   0.4 
c +   0.1  18.9   300  99.7  1275  5109  2493  3448  29.5   0.5 
c +   0.1  18.5   300  99.7  1275  6275  1930  3792  29.1   0.4 
c +   0.1  18.0   300  99.7  1275  7685  3340  4171  30.8   0.6 
c N   0.1  18.0   300  99.7  1275  8037  3692  4171  29.0   0.7 
c 
c  seconds     variables   original    learned     agility
c         level        used      conflicts    limit          MB
c 
c +   0.2  17.8   300  99.7  1275  9391  2956  4588  29.7   0.6 
c +   0.2  17.4   300  99.7  1275 11455  2718  5046  31.7   0.5 
c +   0.3  17.3   300  99.7  1275 13952  2687  5550  29.9   0.5 
c +   0.3  16.9   300  99.7  1275 16973  2926  6105  31.3   0.5 
c N   0.4  16.6   300  99.7  1275 19264  5217  6105  29.8   0.9 
c +   0.4  16.4   300  99.7  1275 20628  3523  6715  30.3   0.6 
c +   0.5  16.0   300  99.7  1275 25050  4581  7386  31.0   0.7 
c +   0.7  15.4   300  99.7  1275 30400  6234  8124  30.6   1.0 
c +   0.8  15.2   300  99.7  1275 36873  4570  8936  29.3   0.7 
c +   1.0  15.0   300  99.7  1275 44705  7928  9829  26.9   1.3 
c N   1.0  14.9   300  99.7  1275 44920  8143  9829  26.2   1.3 
c +   1.3  14.7   300  99.7  1275 54181  7553 10811  27.2   1.2 
c +   1.6  14.7   300  99.7  1275 65646  8195 11892  28.5   1.3 
c +   2.0  14.4   300  99.7  1275 79518 10160 13081  29.2   1.5 
c +   2.6  13.9   300  99.7  1275 96303  7306 14389  31.3   1.1 
c N   2.8  13.9   300  99.7  1275 102e3 13616 14389  30.6   1.9 
c +   3.2  13.7   300  99.7  1275 116e3 13215 15827  30.1   1.8 
c +   4.1  13.5   300  99.7  1275 141e3 14027 17409  26.9   1.9 
c +   5.2  13.1   300  99.7  1275 170e3  8911 19149  28.8   1.4 
c +   6.5  13.0   300  99.7  1275 206e3 16141 21063  29.5   2.4 
c N   7.4  12.9   300  99.7  1275 230e3 18964 21063  27.4   2.8 
c +   8.2  12.8   300  99.7  1275 250e3 17514 23169  28.2   2.5 
c 
c  seconds     variables   original    learned     agility
c         level        used      conflicts    limit          MB
c 
c +  10.6  12.5   300  99.7  1275 303e3 12216 25485  27.1   1.7 
c s  12.3  12.3   299  99.7  1268 345e3 12072 25485  28.9   1.7 
c N  12.3  12.3   299  99.7  1268 346e3 12172 25485  29.3   1.8 
c N  12.3  12.3   299  99.7  1268 346e3 12473 25485  29.2   1.8 
c N  12.4  12.3   299  99.7  1268 347e3 13275 25485  30.3   1.9 
c N  12.4  12.3   299  99.7  1268 349e3 15277 25485  29.5   2.2 
c N  12.6  12.3   299  99.7  1268 353e3 20091 25485  31.4   2.8 
c N  13.0  12.3   299  99.7  1268 365e3 18569 25485  29.6   2.5 
c +  13.0  12.3   299  99.7  1268 366e3 20241 28033  28.9   2.7 
c N  13.9  12.3   299  99.7  1268 390e3 16191 28033  27.5   2.2 
c +  15.8  12.1   299  99.7  1268 443e3 27233 30836  29.5   3.5 
c N  16.0  12.1   299  99.7  1268 448e3 16367 30836  29.1   2.1 
c s  16.8  12.0   298  99.7  1262 468e3 14841 30836  28.0   2.0 
c N  16.8  12.0   298  99.7  1262 468e3 14941 30836  29.2   2.0 
c N  16.8  12.0   298  99.7  1262 468e3 15242 30836  28.7   2.1 
c N  16.8  12.0   298  99.7  1262 469e3 16043 30836  26.5   2.2 
c N  16.9  12.0   298  99.7  1262 471e3 18047 30836  28.9   2.5 
c N  17.1  12.0   298  99.7  1262 476e3 22862 30836  28.7   3.2 
c N  17.6  12.1   298  99.7  1262 487e3 18674 30836  28.6   2.5 
c N  18.8  12.0   298  99.7  1262 513e3 28898 30836  28.4   3.8 
c +  19.7  12.0   298  99.7  1262 537e3 22171 33919  26.9   2.8 
c s  20.6  11.9   297  99.7  1252 558e3 17244 33919  29.4   2.7 
c 
c  seconds     variables   original    learned     agility
c         level        used      conflicts    limit          MB
c 
c N  20.6  11.9   297  99.7  1252 558e3 17348 33919  29.7   2.8 
c N  20.6  11.9   297  99.7  1252 558e3 17648 33919  28.8   2.8 
c N  20.7  11.9   297  99.7  1252 559e3 18452 33919  29.8   2.9 
c N  20.7  11.9   297  99.7  1252 561e3 20458 33919  28.5   3.2 
c N  21.0  11.9   297  99.7  1252 566e3 25267 33919  28.3   3.8 
c N  21.6  11.9   297  99.7  1252 577e3 19539 33919  28.4   2.9 
c N  21.7  11.8   295  99.7  1252 580e3 23210 33919  29.3   3.3 
c N  21.8  11.8   295  99.7  1252 581e3 23513 33919  28.3   3.4 
c N  21.8  11.8   295  99.7  1252 582e3 24316 33919  29.3   3.5 
c s  21.9  11.8   295  99.7  1238 583e3 19772 33919  29.2   3.0 
c N  21.9  11.8   295  99.7  1238 584e3 19871 33919  29.7   3.0 
c N  22.1  11.8   295  99.7  1238 588e3 24680 33919  27.5   3.5 
c N  22.3  11.8   294  99.7  1238 592e3 28341 33919  28.9   3.9 
c N  22.4  11.8   294  99.7  1238 592e3 28642 33919  28.8   4.0 
c N  22.4  11.8   294  99.7  1238 593e3 29445 33919  26.0   4.0 
c N  22.5  11.8   292  99.7  1238 594e3 30200 33919  26.6   4.1 
c N  22.5  11.8   292  99.7  1238 594e3 30501 33919  29.5   4.1 
c N  22.5  11.8   292  99.7  1238 595e3 31303 33919  30.1   4.2 
c N  22.6  11.8   291  99.7  1238 595e3 31602 33919  30.8   4.2 
c N  22.6  11.8   291  99.7  1238 596e3 31902 33919  29.7   4.3 
c N  22.6  11.7   291  99.7  1238 596e3 32705 33919  29.2   4.4 
c N  22.6  11.7   290  99.7  1238 597e3 32885 33919  29.3   4.4 
c 
c  seconds     variables   original    learned     agility
c         level        used      conflicts    limit          MB
c 
c N  22.7  11.7   290  99.7  1238 597e3 33184 33919  27.6   4.4 
c N  22.7  11.7   289  99.7  1238 597e3 33384 33919  28.1   4.4 
c N  22.7  11.7   287  99.7  1238 597e3 33641 33919  31.6   4.4 
c N  22.7  11.7   286  99.7  1157 598e3  6684 33919  27.8   1.6 
c 0  22.7  11.7   185  99.7  1157 598e3  6917 33919  27.9   1.6 
c 
c  seconds     variables   original    learned     agility
c         level        used      conflicts    limit          MB
c 
s UNSATISFIABLE
c
c 18 iterations
c 2 restarts
c 0 failed literals
c 598542 conflicts
c 687855 decisions
c 115 fixed variables
c 8593331 learned literals
c 31.6% deleted literals
c 38662391 propagations
c 740162669 visits
c 99.7% variables used
c 22.7 seconds in library
c 1.7 megaprops/second
c 32.6 megavisits/second
c probing 0.0 seconds 0%
c 5 simplifications
c 61 reductions
c 81.0 MB recycled
c 4.8 MB maximally allocated
c 22.7 seconds total run time
